-16
-20
18
-8
25
53
7
7
-26
7
-17
-3
20
47
15
24
20
3
34
-1
14
1
25
53
18
-2
2
12
-26
19
21
2
64
27
-14
26
54
17
7
8
45
-18
-3
25
-3
15
6
-8
-1
16
-11
18
9
16
5
30
31
28
7
8
-12
45
-27
-40
42
2
22
0
19
-6
4
8
-4
11
7
23
3
5
46
-18
-9
36
32
25
-21
27
-27
-19
-2
10
-6
33
-42
8
-6
39
-4
22
66
19
-1
38
-4
0
-36
15
-18
-6
46
8
10
36
20
43
34
3
-14
-4
5
-4
36
28
38
4
21
14
26
-27
1
25
34
1
56
25
34
27
8
-12
3
18
-15
2
54
10
55
2
38
21
29
5
17
32
15
67
25
27
-23
38
46
-24
25
11
3
24
-1
18
-1
-24
34
-4
26
63
-18
66
-22
5
10
52
12
32
-4
-25
68
21
4
-10
24
-3
-4
19
-27
1
28
-8
-8
10
3
24
-1
6
